totalreqs=500
totaltests=100

//---------------------------------------//
// Test Case versus Requirements Maps
//---------------------------------------//
t0=0,1,2,3,4,5,6,7,8,9,10,11,12,13,14,15,16,17,18,19,20,21,22,23,24,28,29,32,46,48,475,478,483,495,498
t1=2,13,17,18,23,25,26,27,28,29,30,31,32,33,34,35,36,37,38,39,40,41,42,43,44,45,46,47,48,49,50,51,52,56,57
t2=25,31,41,42,44,50,51,52,53,54,55,56,57,58,59,60,61,62,63,64,65,66,67,68,69,70,71,72,73,74,82,88,92,95,97
t3=50,58,64,68,74,75,76,77,78,79,80,81,82,83,84,85,86,87,88,89,90,91,92,93,94,95,96,97,98,99,105,108,110,113,122
t4=78,79,81,85,99,100,101,102,103,104,105,106,107,108,109,110,111,112,113,114,115,116,117,118,119,120,121,122,123,124,127,128,136,137,144
t5=101,108,114,117,123,125,126,127,128,129,130,131,132,133,134,135,136,137,138,139,140,141,142,143,144,145,146,147,148,149,152,153,159,162,167
t6=131,136,143,144,145,150,151,152,153,154,155,156,157,158,159,160,161,162,163,164,165,166,167,168,169,170,171,172,173,174,176,177,182,196,197
t7=152,153,157,159,174,175,176,177,178,179,180,181,182,183,184,185,186,187,188,189,190,191,192,193,194,195,196,197,198,199,208,211,212,214,220
t8=180,181,183,186,196,200,201,202,203,204,205,206,207,208,209,210,211,212,213,214,215,216,217,218,219,220,221,222,223,224,227,244,245,246,247
t9=205,207,217,220,223,225,226,227,228,229,230,231,232,233,234,235,236,237,238,239,240,241,242,243,244,245,246,247,248,249,255,258,262,264,270
t10=232,235,242,246,247,250,251,252,253,254,255,256,257,258,259,260,261,262,263,264,265,266,267,268,269,270,271,272,273,274,276,282,285,287,299
t11=252,256,258,268,272,275,276,277,278,279,280,281,282,283,284,285,286,287,288,289,290,291,292,293,294,295,296,297,298,299,306,310,312,315,320
t12=279,282,283,289,295,300,301,302,303,304,305,306,307,308,309,310,311,312,313,314,315,316,317,318,319,320,321,322,323,324,333,338,342,343,348
t13=304,307,311,312,318,325,326,327,328,329,330,331,332,333,334,335,336,337,338,339,340,341,342,343,344,345,346,347,348,349,351,352,365,366,374
t14=328,329,330,345,346,350,351,352,353,354,355,356,357,358,359,360,361,362,363,364,365,366,367,368,369,370,371,372,373,374,377,387,388,389,394
t15=350,358,366,367,371,375,376,377,378,379,380,381,382,383,384,385,386,387,388,389,390,391,392,393,394,395,396,397,398,399,403,417,421,423,424
t16=378,383,385,395,399,400,401,402,403,404,405,406,407,408,409,410,411,412,413,414,415,416,417,418,419,420,421,422,423,424,425,430,434,438,439
t17=405,408,416,423,424,425,426,427,428,429,430,431,432,433,434,435,436,437,438,439,440,441,442,443,444,445,446,447,448,449,453,459,466,469,470
t18=429,430,431,436,449,450,451,452,453,454,455,456,457,458,459,460,461,462,463,464,465,466,467,468,469,470,471,472,473,474,475,491,492,494,499
t19=1,2,7,9,18,450,453,460,461,465,475,476,477,478,479,480,481,482,483,484,485,486,487,488,489,490,491,492,493,494,495,496,497,498,499
t20=50,52,65,84,102,113,118,121,135,243,270,281,337,429,444,446,484
t21=3,10,30,32,34,36,61,112,115,117,126,173,231,264,276,277,280,281,283,285,292,301,304,306,309,312,316,323,351,359,360,362,365,371,373,460
t22=27,31,50,55,173,206,330,334,342,344,348,349,351,354,357,359,368,372,373,374,409,441,442,478,481,485
t23=7,25,28,34,35,37,38,41,43,47,49,85,109,121,205,208,246,248,385,427,428,429,431,434,435,442,447,449,462,474,496
t24=25,29,30,31,33,34,35,40,41,80,95,244,251,253,257,260,266,271,272,274,299,304,430,435,436,440,451,454,459,461,470,491
t25=4,37,67,153,161,177,183,208,214,218,222,234,259,262,266,304,330,343,384,475,479
t26=4,80,145,154,181,182,183,184,188,191,192,193,194,224,270,278,285,292,296,299,313,334,341,360,413,426
t27=1,22,26,47,66,82,128,134,141,151,152,154,158,159,164,168,169,170,173,216,222,250,324,326,394,400,404,405,406,407,417,420,421,424,433,463,464
t28=77,96,153,169,170,172,180,181,192,208,286,317,399,447,452,498
t29=12,19,55,102,113,114,116,126,131,136,140,146,147,148,156,177,178,179,181,183,186,189,191,195,199,210,212,213,217,219,235,240,359,403,407,418,420,439,446,470
t30=0,22,59,97,130,197,223,258,265,266,275,295,325,338,339,340,341,342,344,346,362,402,405,412,414,424,460,473
t31=0,89,151,152,154,155,161,166,207,280,291,302,308,311,315,330,331,334,340,346,349,383,426,462
t32=47,56,74,75,101,115,120,128,130,134,149,158,171,228,233,235,248,317,324,339,344,384,403,405,412,414,416,419,423,487
t33=3,4,6,8,9,14,17,20,21,54,90,106,110,112,115,181,190,192,217,237,265,356,384,394,398,411,440,453,457,490
t34=39,122,126,132,140,141,225,248,266,320,326,359,365,370,380,383,384,388,389,390,392,393,395,396,398,399,430
t35=31,105,199,212,215,238,263,270,273,274,325,327,394,426,436,449,463
t36=14,84,139,172,199,207,223,239,248,342,347,370,375,379,384,393,397,408,428,430,435,441,442,448,450,454,457,459
t37=142,153,160,167,169,172,194,232,257,269,302,306,310,385,389,450
t38=9,10,27,32,47,58,64,71,78,102,122,177,189,191,195,198,242,288,318,342,429
t39=13,38,52,76,77,81,82,84,86,88,90,93,94,101,124,159,192,203,225,227,229,231,232,244,246,247,248,294,296,303,321,346,353,366,425,464,475,482,490
t40=106,109,110,116,125,128,135,138,143,146,223,238,247,267,275,315,332,333,334,347,361,375,396,413,470,494
t41=2,5,10,11,18,24,93,108,132,141,143,174,181,249,252,257,260,262,266,269,271,284,305,359,380,408,450
t42=169,176,180,190,198,199,217,227,229,232,234,239,240,242,271,281,283,294,295,359,381
t43=7,23,27,51,64,91,99,116,140,144,151,154,184,201,204,206,207,213,216,223,273,283,305,362,402,405,406,410,411,412,418,423,426,455,461,462,468,498
t44=29,31,32,41,43,57,60,62,66,76,77,127,155,213,285,288,305,310,391,415,451,452,453,463,464,473,485
t45=1,16,38,80,88,118,128,129,132,134,137,139,141,142,144,147,149,177,179,184,186,187,190,192,193,196,198,209,230,240,282,304,352,359,361,440
t46=63,139,155,206,224,230,231,238,239,244,256,352,358,457,466,478,480,482,485,486
t47=2,5,10,12,20,24,89,142,206,226,240,265,295,333,387,390,461,469,473,491,492,494
t48=18,45,59,125,128,129,133,137,138,142,147,148,161,165,205,210,232,250,251,253,254,256,257,258,259,266,267,274,281,339,355,389,416,483,496
t49=3,7,9,10,11,13,15,47,78,81,84,87,122,159,208,282,311,322,363,389,390,394,409,498
t50=35,69,97,109,111,113,118,141,260,303,306,307,311,312,314,382,395,425,442,444,450,471
t51=96,119,122,164,196,210,233,292,305,310,313,314,357,397,429,430,437,438,441,444,445,477,490,492,498,499
t52=7,38,73,79,135,173,209,240,319,335,350,354,356,359,365,366,368,369,400,402,404,405,415,420,421,424,445,496
t53=14,23,28,50,51,52,55,63,67,72,85,150,153,166,180,181,183,197,198,227,235,243,246,247,248,324,328,329,337,355,360,389,407,446,462
t54=4,37,80,130,147,176,181,187,190,191,193,194,197,199,226,235,238,279,326,341,346,352,354,355,362,365,369,372,373,411,460,461,483
t55=4,5,11,12,16,17,18,20,24,25,117,146,180,206,208,213,254,289,301,303,307,310,314,321,322,351,381,397,398,409,410,426,442,462,466,498
t56=84,131,139,246,256,271,275,279,285,297,422,425,429,432,434,439,443,446,467,483,495
t57=4,5,10,14,18,21,22,63,134,135,188,195,232,274,299,301,304,306,314,320,323,326,344,383,421,481
t58=19,23,49,59,69,77,85,93,97,102,103,104,106,110,112,114,120,124,155,189,198,232,252,275,276,329,331,337,340,343,344,348,356,380,454,484,486
t59=26,27,29,31,42,46,62,97,108,200,222,232,277,281,283,291,305,320,322,327,328,339,421,434,485,495
t60=1,8,12,13,56,66,67,74,89,128,141,276,338,408,439,443,475,476,478,483,486,490,491,495,497
t61=22,53,55,57,113,231,257,262,282,284,293,303,314,358,361,366,388,484
t62=33,37,41,64,75,87,89,140,164,280,299,311,319,324,355,356,357,358,364,367,368,377,387,391,398,460
t63=48,78,130,160,191,212,218,257,258,260,261,262,266,305,310,322,340,351,367,372,373,488
t64=26,53,108,147,159,180,216,259,277,280,284,285,286,289,290,292,293,295,296,307,326,331,332,334,339,340,342,347,348,369,384,444,447,468,481,495
t65=3,35,72,73,92,205,228,236,245,252,268,272,273,278,283,289,292,336,379,445
t66=25,27,36,41,46,53,55,56,65,79,80,139,217,226,248,264,316,338,345,386,452,459,461,469
t67=3,28,35,40,44,61,70,104,108,112,130,148,154,167,202,225,230,233,239,243,246,254,306,377,380,382,384,391,392,397,404,415,420,423,484
t68=10,45,58,87,148,166,185,207,223,235,303,306,307,314,315,316,317,318,325,326,330,342,353,410,425,454,457,460,463,470,471,485,494
t69=38,52,74,78,88,90,101,104,105,106,107,112,120,121,122,131,169,290,291,308,321,335,388,389,395,457,459,463,472,474,487
t70=19,28,29,37,140,155,158,180,188,231,236,259,302,323,353,354,357,360,361,362,363,364,366,377,379,380,393,399,407
t71=20,31,43,52,77,88,126,175,230,253,254,256,258,260,268,271,273,274,330,362,365,376,378,383,386,388,389,393,397,399,415,428,460,490
t72=41,66,72,107,110,112,114,119,158,170,179,200,204,215,217,221,239,242,246,248,298,304,310,311,316,335,339,357,362,469,480,495
t73=70,79,98,115,137,164,167,169,174,229,234,237,248,392,485
t74=22,78,83,84,92,104,105,107,108,111,114,121,122,124,186,210,224,306,307,309,310,312,316,318,319,324,346,354,368,369,394,414,425,462,493,499
t75=26,52,102,103,107,119,122,128,151,155,157,159,160,164,167,168,172,190,246,264,283,328,364,433,435,446,447,478
t76=14,41,50,114,120,163,171,191,197,300,301,302,305,308,309,316,318,332,365,403,405,414,419,420,423,429,476
t77=24,56,62,121,122,147,154,214,216,327,397,404,406,407,409,413,414,415,426,429,432
t78=0,34,43,95,101,102,104,116,122,123,124,180,184,213,219,230,232,234,235,236,240,244,245,248,268,269,292,314,340,342,488,499
t79=22,79,83,89,92,98,105,114,116,124,173,180,237,258,261,279,329,350,398,416,425,462
t80=18,41,49,129,153,157,158,161,162,167,168,171,172,173,203,242,263,278,385,417,477
t81=40,42,95,136,188,217,254,255,257,265,268,269,270,271,312,314,316,319,354,360,363,372,373,408,410,473,498
t82=29,30,38,46,49,140,186,207,222,262,281,291,295,314,326,327,343,353,354,358,359,366,368,370,383,405,410,485
t83=13,39,58,70,95,127,142,160,187,203,255,265,271,279,286,290,292,293,332,354,357,362,369,371,372,373,376,390,475,477,478,483,486,491,495,499
t84=33,80,89,148,153,251,257,258,262,264,265,273,277,279,281,282,285,286,290,299,326,358,363,364,406,435,456,474
t85=37,53,63,64,66,69,107,115,116,119,120,121,123,162,176,203,209,210,225,230,231,238,240,245,248,249,264,269,294,328,348,367,368,393,421,455,464,466,470,497
t86=47,53,55,60,64,69,71,86,140,153,155,156,163,170,171,201,208,209,215,218,257,273,282,297,303,314,320,325,328,482,489
t87=30,37,80,104,152,174,176,190,196,212,225,232,237,241,243,247,302,316,318,322,352,390,394,397
t88=25,49,72,78,88,90,97,126,136,148,195,196,199,230,356,365,366,484
t89=1,5,10,16,18,24,25,46,110,123,144,180,201,226,228,230,234,238,242,253,258,298,305,375,383,386,396,483,494
t90=37,49,60,65,143,154,155,167,168,191,197,201,227,230,241,246,258,275,281,292,293,296,312,319,348,391,422,426,435,439,440,446,499
t91=83,102,103,114,116,153,163,167,172,201,259,260,272,303,313,315,378,413,414,416,417,422,424,431,476,478,485,486,487,496,497
t92=9,16,27,28,35,36,39,41,46,56,75,87,97,124,176,190,191,194,225,268,293,317,322,348,358,369,378,384,388,390,393,394,396,399,420,430,457,467,469,485
t93=126,128,131,135,136,138,140,175,181,247,272,274,279,312,329,346,348,354,359,361,362,369,370,371,372,395,411,444,467
t94=21,40,74,86,92,93,96,131,147,148,176,177,202,206,213,217,225,226,227,228,229,230,231,234,300,303,306,310,314,319,335,365,382,395,411,419,458,473,488,489
t95=2,51,70,241,251,255,260,266,270,271,335,337,348,367,394,493
t96=19,25,29,31,33,38,45,49,89,90,118,213,231,233,234,236,237,238,241,242,251,254,258,263,273,293,333,370,378,393,428,435,451,464,467,471,478,479
t97=7,76,79,83,84,86,90,95,97,131,151,166,169,172,211,212,215,217,220,222,223,224,234,290,331,345,367,374,377,387,404
t98=136,154,168,180,183,196,293,298,301,307,315,359,370,385,488
t99=60,151,159,308,309,314,323,327,353,360,394,401,404,405,410,413,414,422,424,454,458,469,472,481