
totalreqs = 60
totaltests = 40
//---------------------------------------//
// Test Case versus Requirements Maps
//---------------------------------------//
t0=1,5,9,13,17,21,22,25,26,28,30,32,34,36,38,39,42,44,51,53,54,59
t1=0,2,4,6,8,10,12,16,18,20,23,24,27,29,31,33,37,41,43,52,56,58
t2=1,3,5,7,9,11,15,17,19,22,26,34,36,38,42,48,53,55,57
t3=0,2,4,8,10,13,21,25,29,31,37,39,44,50,52,54,56,59
t4=1,3,9,14,16,17,23,33,35,37,43,46,47,49,51,55,57,59
t5=0,4,6,10,12,18,20,22,24,28,30,32,34,36,40,42,50,58
t6=0,7,9,11,13,15,25,29,31,37,43,47,49,51,53,54,56
t7=4,6,8,14,16,17,21,23,29,33,35,37,42,45,48,52
t8=0,3,5,11,13,15,26,30,36,38,40,44,47,57
t9=0,3,7,9,19,22,24,28,30,32,34,43,46,48,50,54,56,58
t10=0,1,2,6,8,10,12,14,16,18,31,35,37,39,45,49,51,53,55,59
t11=0,4,17,20,23,25,27,28,30,32,34,36,38,40,42,46,50,52,54,57
t12=0,1,5,9,11,13,15,19,21,24,26,35,37,39,43,49,51,55,56,58,59
t13=0,2,4,23,29,31,37
t14=0,1,2,6,8,10,12,14,16,18,20,24,28,34,36,38,40,42,45,46,48,50,53,55,57,59
t15=0,7,17,27,29,31,33,38,49,51,54,56,58
t16=1,3,19,21,22,26,30,34,35,40,42
t17=0,2,4,6,13,15,18,25,27,29,31,33,37,39,44,47,51,54,57,59
t18=0,3,7,11,16,19,20,22,24,30,36,38,43,46,50,52,53
t19=3,5,9,10,12,14,17,29,32,37,40,49,51,54,56
t20=2,4,6,8,15,19,21,25,27,29,31,35,39,42,48,52,59
t21=1,7,11,20,24,26,28,30,38,45,47,51,53,55,57
t22=5,9,13,17,21,32,34,37,41,43,46,50,54,57,59
t23=0,1,2,4,6,8,14,16,23,25,29,31,33,35,40,42,49,55,56,57,59
t24=5,11,15,18,20,26,28,30,36,38,41,43,45,46,52,54
t25=0,6,8,19,21,25,29,31,34,35,47,49,51,53,55,57
t26=1,7,9,13,17,28,30,38,40,48,50,56,59
t27=0,2,4,10,12,16,20,22,24,32,34,37,39,41,43,44,45,54
t28=1,3,5,7,11,15,18,21,27,29,31,35,46,48,55
t29=13,14,19,25,28,30,40,45,49,51,52,53,59
t30=1,2,12,20,22,24,32,36,39,43,47,54,55,57
t31=3,5,7,9,11,14,16,17,23,25,27,29,34,38,40,46,48,50,53,56,58,59
t32=0,4,8,15,28,30,31,33,35,39,43,47,49,52,57
t33=1,2,6,13,19,20,32,34,36,40,42,44,50,51,55,56,58,59
t34=3,5,7,12,14,16,23,25,28,29,31,38,42,46,48,54,57
t35=1,2,9,10,15,24,26,30,32,36,39,41,43,49,53,56,58
t36=4,6,14,21,23,25,27,35,38,42,44,46,48,51,54
t37=2,5,7,9,11,15,16,19,22,26,28,30,32,34,37,39,41,43,47,52,53,56,58
t38=1,3,6,8,13,14,21,25,27,29,42,44,45,48,50,51,54,57
t39=2,7,11,15,17,18,20,24,28,30,31,35,38,47,49,52,53,55,56,58