totalreqs=200
totaltests=100

//---------------------------------------//
// Test Case versus Requirements Maps
//---------------------------------------//
t0=21,32,37,38,43,55,62,77,89,102,103,108,123,125,141,142,145,181,193,199
t1=26,29,63,86,99,111,119,122,129,153,169,171
t2=1,3,16,32,35,70,73,77,81,88,102,134,138,165,170,194,196
t3=34,46,57,62,65,69,72,91,102,106,121,135,140,153,169,171
t4=2,9,10,17,24,27,30,32,53,56,57,63,69,82,86,90,91,92,97,108,119,138,147,173,178
t5=14,43,53,62,78,89,122,142,145,148,174,184,185
t6=1,4,15,32,61,63,77,84,86,98,106,118,137,139,146,151,169,185,194
t7=29,30,35,61,74,75,87,89,104,116,130,171,182,184,196
t8=1,19,23,59,69,71,75,87,115,119,139,158,164
t9=13,50,55,105,128,131,134,146,157,172
t10=10,12,16,22,45,72,75,86,92,99,110,115,138,150,152,156,159,166,169,172,174,181,182,191,193
t11=15,30,51,61,66,68,74,81,103,108,113,119,129,135,137,139,143,152,153,169,170,191,194
t12=53,60,73,75,79,98,100,102,128,138,140,143,174,177,194
t13=9,21,28,37,45,64,66,81,83,91,92,100,103,140,151,157,170,189,195
t14=3,4,6,17,36,39,44,52,58,65,73,77,80,97,101,105,129,130,139,167,168
t15=12,42,44,47,48,56,77,96,121,144,191
t16=17,19,40,45,53,54,57,68,70,87,92,105,109,115,137,138,142,143,150,152,172,179,180
t17=3,4,21,23,30,31,54,55,56,67,82,96,97,121,145,151,168,172,176,188,196
t18=0,9,14,21,26,30,37,47,82,106,111,144,148,149,177,189,193,197,198
t19=6,12,34,43,50,58,68,83,91,118,123,126,133,183
t20=14,16,26,32,34,37,39,50,57,77,85,90,97,98,103,106,108,123,151,155,163,173,192,193
t21=7,8,27,38,40,43,46,67,69,73,81,92,119,135,136,137,145,160,175,181,182,189,197
t22=5,12,14,17,18,28,52,53,60,63,65,93,101,121,147,160,167,172,177,187
t23=2,28,46,50,60,71,77,115,116,128,149,155,164,187,188,190
t24=0,7,9,21,26,30,37,43,47,56,59,62,65,67,71,73,95,103,110,114,136,156,178,179
t25=4,17,21,63,68,84,85,99,101,108,114,135,157,166,168,170,172,176,181
t26=5,17,18,25,37,43,49,56,69,75,76,81,89,90,97,110,120,129,132,140,151,173,175,194
t27=7,15,31,36,51,52,54,66,78,83,87,100,112,122,123,136,143,153,158,164,172,179,197
t28=19,21,24,56,63,65,72,76,78,83,105,106,118,123,138,163,189,199
t29=3,8,9,11,27,28,37,50,51,82,84,92,122,132,138,139,163,177,188,196
t30=26,32,38,46,55,63,73,82,98,127,198
t31=5,10,43,59,64,91,102,106,115,136,156,159,164,187,193
t32=28,33,34,43,48,55,56,59,78,80,93,109,114,120,124,145,152,154,156,172,175,186,188,193
t33=20,23,37,42,65,81,97,105,107,108,136,141,148,157,170,184
t34=22,44,60,87,91,103,124,140,158,160,168,171,192
t35=4,7,17,23,26,53,69,92,97,103,123,137,138,155,165,169,176,190,195,197
t36=11,36,67,84,105,111,146,149,153,154,167,171,175,181
t37=52,54,58,61,79,80,86,92,93,98,108,113,140,157,174
t38=6,30,47,50,52,53,60,77,82,83,87,88,102,112,120,122,137,145,156,161,179,185,188
t39=7,24,30,43,53,84,90,91,120,134,137,140,149,187
t40=0,1,8,18,25,35,42,43,48,55,56,60,64,70,77,84,91,105,131,150,154,163,171,198
t41=30,31,33,38,54,56,65,82,92,95,119,134,139,144,151,162,179,180,192
t42=4,11,31,49,73,92,121,161,163,199
t43=25,32,50,53,57,60,69,99,102,105,117,118,139,142,173
t44=4,6,7,24,41,62,87,90,100,106,107,109,115,116,118,124,126,135,139,158,161,171,183,186
t45=26,31,37,53,55,56,63,66,97,99,115,119,123,130,150,188,193
t46=2,8,14,21,23,26,28,30,60,61,74,76,80,111,112,120,124,140,150,173,174,189
t47=5,13,20,33,44,48,49,52,83,85,91,94,98,108,109,115,121,127,130,190,197
t48=5,13,38,40,44,59,66,68,92,117,120,147,172,182
t49=10,22,23,52,55,82,95,99,135,173,177,181,189
t50=5,9,18,67,117,124,127,132,137,157,158,159,162,165,174,180
t51=16,44,54,66,86,122,130,137,149,167,174,177
t52=43,83,97,106,131,132,144,150,151,159
t53=4,15,64,74,77,117,144,176,191,194
t54=1,21,31,36,38,62,69,80,104,119,156,157,182,185
t55=7,39,54,59,60,71,91,93,119,120,153,155,166,171,177,189,191
t56=4,7,9,21,64,71,72,81,91,95,98,113,119,135,154,155,156,158,166,167,173,174,181,185,188
t57=9,39,40,60,64,95,96,99,107,116,124,166,181,190
t58=0,9,13,15,59,74,91,96,103,108,110,113,120,148,153,156,162,172,180,183,197
t59=1,4,12,25,29,37,52,53,82,83,87,102,111,130,137,139,145,150,170,173,181,185,187
t60=6,21,26,37,50,57,73,80,112,130,144,168,188
t61=35,47,53,55,66,78,82,86,97,106,123,138,149,168,181,190
t62=2,11,12,26,33,37,67,73,74,80,86,107,112,120,135,141,145,164,165,174,176,185
t63=8,37,43,71,104,107,110,114,146,147,148,150,157,162,168,179,184,186
t64=36,54,89,99,128,129,136,139,161,189,197
t65=20,24,32,38,40,44,60,61,85,86,90,91,93,99,115,117,138,140,141,164,173,181,183,185,193
t66=2,10,30,31,39,41,55,67,85,100,113,115,127,132,137,166,168,192
t67=23,28,53,54,55,60,63,71,90,98,103,123,136,137,149,182,190,192
t68=2,10,18,35,63,69,86,88,89,96,103,111,114,127,130,143,148,152,159,169,196
t69=26,32,33,34,60,107,108,134,136,137,172,198
t70=13,31,33,42,106,112,144,147,154,155,158,164,174,175,179
t71=31,37,41,43,52,57,64,84,102,105,112,118,128,131,139,140,142,143,144,146,182,187,194,195
t72=12,14,22,43,60,63,123,125,134,158,159
t73=2,15,31,40,48,53,59,65,68,73,87,88,104,124,129,135,136,149
t74=6,8,12,20,21,28,46,56,75,97,112,129,134,144,162,178,186,187,199
t75=30,38,40,42,61,65,70,89,97,103,113,126,160,163,191,195
t76=0,2,4,11,13,25,28,44,47,56,58,72,73,75,80,82,107,132,148,174,177,178,181,182
t77=10,27,32,41,55,56,59,61,107,146,168,169
t78=2,3,22,45,47,70,79,85,94,122,130,151,153,154,164
t79=9,22,31,71,87,90,93,99,112,113,119,143,190,198
t80=4,13,15,21,28,34,46,69,114,123,129,139,145,147,160,164,165,175
t81=2,16,70,93,101,102,128,159,160,180,197
t82=5,8,10,19,20,29,49,57,63,81,85,99,102,112,131,134,139,154,155,177,188,191
t83=6,34,40,54,59,80,98,135,159,161,164,172,183,186,187
t84=19,24,34,50,59,67,91,155,162,174,178,181,183,188
t85=8,12,21,22,33,48,52,57,102,106,107,115,129,152,160,162,172,175,184,188,192
t86=8,11,20,21,26,54,89,96,97,102,105,116,118,133,134,138,146,151,158,162,172,175
t87=66,71,80,103,119,136,153,157,171,180,181,188
t88=0,24,25,34,41,50,59,63,77,88,91,100,102,118,119,125,131,136,143,152,181,187,189,196
t89=7,10,16,40,89,93,112,125,147,153,164,182
t90=2,9,17,43,57,87,89,96,161,167,170,173,199
t91=10,17,21,28,31,33,35,37,42,45,48,59,66,70,88,99,103,118,146,149,152,168,173,179,192
t92=67,92,98,126,137,141,167,170,191,192,196
t93=8,22,48,79,83,112,135,148,153,160,170,198
t94=10,21,26,34,49,64,121,155,163,169,170
t95=10,33,48,56,72,80,83,99,100,118,122,156,177,185,188,196
t96=2,6,12,33,49,51,62,67,69,76,97,105,113,120,124,125,132,145,157,161,167,170,175,183,196
t97=12,30,52,101,110,115,118,152,158,160,170
t98=16,35,56,69,70,75,79,83,84,94,98,104,120,122,129,156,171,186
t99=1,2,3,10,20,22,100,102,116,121,123,130,155,163,166,170,173,182