totalreqs = 50
totaltests = 41

//---------------------------------------//
// Test Case versus Requirements Maps
//---------------------------------------//

t0=2,6,9,13,17,18,21,22,25,26,28,30,32,33,35,38,40,41,43,45,47,48
t1=0,2,3,6,7,8,10,12,14,16,18,20,22,24,26,28,30,32,33,35,37,38,39,42,43,46
t2=1,3,5,9,11,13,15,17,19,21,23,25,27,29,31,34,36,40,44,46,49
t3=0,2,4,6,8,10,12,14,16,18,20,22,25,26,28,30,32,34,38,40,42,43,45,47,48
t4=1,3,5,8,10,13,15,17,19,21,23,25,27,29,32,33,34,36,37,39,41,44,46,47
t5=0,2,4,6,7,9,11,13,15,17,19,21,24,26,28,29,31,36,38,40,42,44,46,48
t6=0,2,4,6,8,10,12,14,16,18,20,22,23,25,30,32,33,35,37,39,41,43,47,48
t7=1,3,5,7,9,11,15,17,19,21,24,26,28,30,32,35,38,40,42,43
t8=0,2,4,6,9,11,14,16,19,21,23,25,27,31,33,34,35,37,39,41,44,47,49
t9=1,3,5,7,10,13,15,17,20,22,24,26,28,30,32,34,36,38,41,44,46,48
t10=0,2,4,6,8,10,13,15,17,20,22,23,25,27,29,31,35,37,39,41,43,45,47,49
t11=1,3,5,7,9,11,12,14,16,18,19,21,24,26,28,30,32,33,34,36,38,40,42,43,44,46,48
t12=0,2,4,6,8,10,12,14,16,18,20,22,23,25,27,29,31,34,36,37,40,42,45,47,49
t13=1,3,5,7,9,11,13,15,17,19,21,23,24,29,31,33,35,37,41,43,46,48
t14=0,2,4,6,8,10,12,14,16,18,20,22,24,25,26,28,30,32,34,36,38,41,43,45,47,49
t15=1,3,4,6,8,10,13,15,17,19,21,23,26,28,30,32,33,35,37,39,40,42,44,45,47,49
t16=0,2,5,7,9,11,13,15,17,19,21,23,25,27,29,31,34,36,38,39,41,43,46,48
t17=0,2,4,6,8,10,12,14,16,18,20,22,24,26,28,30,32,33,34,37,40,42,45,48,49
t18=1,3,4,6,8,10,13,15,17,19,20,23,25,27,29,31,36,38,41,43,45,47,49
t19=0,2,5,7,9,11,13,15,17,20,22,24,26,28,30,37,40,42,44,46,48
t20=0,2,4,6,10,12,14,16,18,22,23,25,27,29,31,33,34,35,36,38,41,43,45,47,49
t21=1,3,5,7,9,11,13,15,17,19,21,24,26,28,30,32,33,40,42,44,46,48
t22=0,2,4,6,8,10,13,15,17,19,21,24,26,28,29,31,32,34,36,38,39,41,43,45,48,49
t23=0,2,4,6,8,10,11,12,14,16,18,20,22,23,25,27,29,32,33,34,36,38,40,42,45,46,49
t24=1,3,5,7,9,11,13,15,17,19,21,22,23,26,28,32,33,35,37,39,41,42,44,45,47,48
t25=1,3,4,6,8,10,13,15,17,19,21,24,26,29,31,35,37,39,43,45,47,49
t26=0,2,4,6,8,10,12,14,16,18,20,22,24,26,28,32,34,36,38,40,41,42,44,46,48
t27=1,3,5,7,9,11,12,14,16,18,20,22,23,25,27,29,30,32,34,36,38,39,43,45,47,49
t28=1,3,5,7,9,11,13,15,17,19,21,23,25,27,28,31,35,40,42,44,46
t29=0,2,4,6,8,10,15,17,19,21,24,26,29,30,32,33,36,38,40,42,44,47,49
t30=0,2,5,7,9,11,13,14,16,18,20,22,24,26,28,30,32,34,36,41,43,45,48
t31=1,3,4,5,7,9,11,15,17,19,21,23,25,27,29,31,34,36,38,40,42,44,47,49
t32=0,2,4,6,8,10,12,15,17,19,21,23,25,27,28,30,32,35,37,39,41,43,45,46,48
t33=1,3,5,7,9,11,14,16,18,20,22,24,26,29,31,33,34,36,38,40,42,44,48
t34=0,2,4,6,8,10,12,14,16,17,19,21,22,23,25,28,30,31,32,35,37,39,41,43,45,47,49
t35=0,2,5,7,9,11,13,15,18,20,24,26,29,35,37,39,41,42,44,47,49
t36=1,3,4,6,8,10,12,14,16,17,22,24,26,28,30,31,32,33,34,36,38,40,43,45,46,48
t37=1,2,4,6,8,10,12,14,16,18,20,23,25,27,29,34,36,39,41,42,44,49
t38=0,3,5,7,9,11,13,15,17,19,21,25,28,30,31,35,37,40,43,45,47,48
t39=0,1,3,4,6,7,9,11,13,15,17,19,21,23,24,26,27,29,31,33,34,37,38,39,40,42,43,45,46,49
t40=1,3,4,5,7,9,11,12,14,16,19,20,21,22,24,26,29,30,32,33,35,36,39,42,43,44
