totalreqs = 60
totaltests = 31
//---------------------------------------//
// Test Case versus Requirements Maps
//---------------------------------------//

t0=2,4,5,8,9,10,16,17,19,20,23,25,26,28,29,30,32,34,35,37,39,40,41,43,45,46,49,51,52,53,55,57,58
t1=0,1,6,7,11,12,13,14,15,18,21,22,24,27,31,33,36,38,42,44,48,50,54,56,58
t2=0,3,5,15,18,20,21,24,25,26,28,29,30,32,35,37,39,45,47,53,55
t3=1,4,6,9,12,14,19,22,23,27,31,33,36,38,41,42,43,44,48,50,54,56,59
t4=2,4,5,6,9,10,12,14,16,17,18,19,21,22,24,25,29,30,32,34,35,37,39,41,43,45,47,49,51,52,54,57,58
t5=1,3,6,9,12,14,15,18,20,23,27,28,30,31,34,35,38,41,42,44,46,47,48,50,52,54,55,57,58,59
t6=2,4,5,9,10,12,13,16,17,19,21,24,25,29,32,35,37,39,41,43,45,47,49,51,52,54,57,58
t7=0,1,2,3,4,5,6,7,8,9,10,12,13,15,16,17,19,20,22,24,25,26,27,28,29,30,31,34,35,36,38,40,42,43,44,46,48,50,52,54,55,57,58,59
t8=4,5,7,12,13,14,16,18,19,20,21,23,24,25,26,28,29,30,31,32,34,38,42,43,44,46,48,49,52,54,56,58,59
t9=2,3,4,5,6,7,8,9,12,13,15,18,19,20,21,24,25,26,29,30,31,32,34,35,38,40,43,44,52,54,55,57,58
t10=2,4,5,8,9,11,12,14,16,19,20,27,28,29,30,32,34,35,39,43,44,45,47,49,51,52,53,54,55,57,58,59
t11=1,4,6,9,12,14,16,17,19,20,21,24,25,26,27,28,29,30,32,34,35,37,38,39,40,41,42,43,45,47,49,51,52,53,54,55,57,58,59
t12=5,8,12,29,30,34,35,36,37,39,42,44,46,48,52,53,54,55,57,58,59
t13=0,1,2,3,4,5,6,8,12,13,16,18,19,21,22,24,25,26,27,28,29,30,32,34,35,36,37,38,39,40,41,42,43,44,45,46,47,48,49,50,51,52,53,54,55,56,57,58,59
t14=0,5,6,7,11,12,14,19,22,23,24,25,26,27,28,29,30,32,34,35,36,37,38,40,42,43,44,45,46,48,49,50,52,53,54,55,56,57,58,59
t15=1,4,5,6,7,10,13,14,16,17,18,19,21,24,25,26,27,28,29,30,32,34,35,36,37,38,39,40,41,42,43,44,45,46,47,48,49,50,51,52,53,54,55,56,57,58,59
t16=1,2,4,5,6,7,8,9,10,12,13,14,16,18,19,21,22,24,25,26,27,28,29,30,32,34,35,36,37,38,39,40,41,42,43,44,45,46,47,48,49,50,51,52,53,54,55,56,57,58,59
t17=0,3,4,7,10,13,14,15,16,18,19,22,23,24,25,26,27,28,29,30,32,34,35,36,37,38,39,40,41,42,43,44,45,46,47,48,49,50,51,52,53,54,55,56,57,58,59
t18=1,3,4,5,6,9,11,14,17,19,21,23,24,25,26,27,28,29,30,32,34,35,36,37,38,39,40,41,42,43,44,45,46,47,48,49,50,51,52,53,54,55,56,57,58,59
t19=1,4,5,6,9,10,13,16,17,18,20,21,23,24,25,26,27,28,29,30,32,33,34,35,36,37,38,39,40,41,42,43,44,45,46,47,48,49,50,51,52,53,54,55,56,57,58,59
t20=1,2,4,5,6,9,11,13,14,16,18,19,21,23,24,25,26,27,28,29,30,32,33,34,35,36,37,38,39,40,41,42,43,44,45,46,47,48,49,50,51,52,53,54,55,56,57,58,59
t21=4,5,6,7,8,9,10,11,12,14,16,17,19,20,21,23,25,26,27,28,29,30,32,34,35,36,37,38,39,40,41,42,43,44,45,46,47,48,49,50,51,52,53,54,55,56,57,58,59
t22=0,1,2,3,4,6,7,8,9,10,11,12,14,16,17,18,19,20,21,23,24,25,26,27,28,29,30,32,33,34,35,36,37,38,39,40,41,42,43,44,45,46,47,48,49,50,51,52,53,54,55,56,57,58,59
t23=0,2,4,5,7,9,10,12,13,14,16,17,18,19,20,21,23,24,25,26,27,28,29,30,32,33,34,35,36,37,38,39,40,41,42,43,44,45,46,47,48,49,50,51,52,53,54,55,56,57,58,59
t24=1,4,5,7,8,9,10,13,16,17,18,20,21,22,23,24,25,26,27,28,29,30,32,34,35,36,37,38,39,40,41,42,43,44,45,46,47,48,49,50,51,52,53,54,55,56,57,58,59
t25=0,2,4,5,7,9,10,11,13,16,18,19,21,22,24,25,26,27,28,29,30,32,33,34,35,36,37,38,39,40,41,42,43,44,45,46,47,48,49,50,51,52,53,54,55,56,57,58,59
t26=0, 2, 5, 6, 8, 9, 10, 11, 12, 16, 18, 19, 20, 21, 22, 24, 25, 26, 27, 28, 29, 30, 32, 34, 35, 36,37, 38, 39, 40, 41, 42, 43, 44, 45, 46, 47, 48, 49, 50, 51, 52, 53, 54, 55, 56, 57, 58, 59
t27=0, 2, 5, 6, 8, 9, 11, 12, 13, 14, 16, 17, 18, 19, 20, 21, 22, 24, 25, 26, 27, 28, 29, 30, 32, 34,35, 36, 37, 38, 39, 40, 41, 42, 43, 44, 45, 46, 47, 48, 49, 50, 51, 52, 53, 54, 55, 56, 57, 58,59
t28=0, 1, 3, 4, 5, 7, 8, 9, 11, 13, 16, 17, 18, 19, 20, 21, 22, 23, 24, 25, 26, 27, 28, 29, 30, 32, 34,35, 36, 37, 38, 39, 40, 41, 42, 43, 44, 45, 46, 47, 48, 49, 50, 51, 52, 53, 54, 55, 56, 57, 58,59
t29=0, 2, 4, 5, 6, 7, 8, 9, 11, 12, 14, 16, 17, 18, 19, 21, 22, 23, 24, 25, 26, 27, 28, 29, 30, 32, 34,35, 36, 37, 38, 39, 40, 41, 42, 43, 44, 45, 46, 47, 48, 49, 50, 51, 52, 53, 54, 55, 56, 57, 58,59
t30=1, 2, 4, 5, 6, 7, 9, 10, 11, 12, 14, 16, 17, 19, 20, 21, 22, 23, 24, 25, 26, 27, 28, 29, 30, 32, 34, 35, 36, 37, 38, 39, 40, 41, 42, 43, 44, 45, 46, 47, 48, 49, 50, 51, 52, 53, 54,55, 56, 57, 58, 59






