totalreqs=100
totaltests=80

//---------------------------------------//
// Test Case versus Requirements Maps
//---------------------------------------//
t0=3,11,39,40,47,51,54,65,81,98,99
t1=2,6,11,26,31,42,52,81
t2=4,12,13,14,27,29,44,50,52,79,90
t3=11,16,20,43,45,54,64,69,75,77,97
t4=6,7,29,33,40,49,50,52,54,65,96
t5=0,8,16,17,36,43,51,53,63,92,93,94,96
t6=4,6,17,20,23,43,47,59,77,78,98
t7=9,15,18,19,25,32,37,42,55,73,84,86,90,93
t8=8,12,28,64,74,75,77,93
t9=4,26,32,39,47,54,59,74,78,96
t10=2,4,5,19,43,52,61,65,72,81,95
t11=22,46,57,58,59,65,66,67,71,81,85,93,98
t12=11,18,45,52,53,81,87
t13=8,27,35,37,49,84,85
t14=6,7,13,17,20,28,46,60,67,68,81,83,91,95
t15=14,28,33,34,41,61,74,76,80,87,98
t16=26,35,47,51,54,58,64,89,92,94
t17=24,25,35,43,47,48,53,67,89,90
t18=13,14,24,28,57,62,66,79
t19=1,8,20,28,37,41,44,45,50,54,59,72,86,94,95
t20=3,12,13,33,36,38,41,65,77,78,86,94
t21=5,17,20,22,25,28,46,53,59,60,67,95
t22=28,33,43,47,53,56,63,73,89,99
t23=22,25,31,48,49,64,80,82,85,95
t24=13,14,18,22,25,26,43,46,47,51,69,73,81,88,92
t25=16,20,50,64,71,74,75,94
t26=7,14,22,27,30,44,59,98
t27=5,6,58,59,81,83,93
t28=14,16,18,20,23,49,52,56,58,63,69,84,87,93
t29=0,1,18,43,58,60,67,74,83,85
t30=10,14,27,41,44,57,59,62,65,68,71,72,84
t31=4,6,16,34,39,45,47,50,65,68,69
t32=8,10,18,27,29,40,53,64,65,72,92
t33=16,21,44,52,58,75,76,86,87
t34=0,2,19,24,30,36,38,39,55,59,76,82,84
t35=1,4,6,7,23,47,56
t36=0,4,21,22,43,50,53,54,60,74,78,91
t37=2,5,17,23,24,39,40,44,45,67,73,80,93
t38=9,11,18,32,44,46,47,48,56,59,94,96
t39=9,19,22,25,42,50,81,93
t40=5,12,16,23,28,40,70,71,77
t41=13,14,26,40,44,53,57,70,80,85,88,94,97
t42=2,5,19,31,44,53,58,65,67,68,69,72,90,93,97
t43=2,10,21,54,69,71,73,75,77,80,82,86,96
t44=15,18,22,25,26,35,40,51,59,60,71,72,84
t45=0,8,20,23,26,32,36,42,51,57,59,62,73,74,97
t46=5,11,12,17,40,45,61,72,95
t47=3,14,29,41,59,65,78,81,82
t48=13,23,24,29,37,46,58,75,85,89,91,94
t49=9,11,12,49,52,53,65,69
t50=3,13,19,21,32,37,41,50,52,53,65,75,79,85,91
t51=7,23,48,50,51,55,56,74,75,77,89,96
t52=17,26,27,33,34,44,48,54,71,83,86,95
t53=5,6,18,27,34,40,52,57,73,87
t54=5,15,24,28,30,33,43,45,55,80,82,86,92,95
t55=2,5,16,37,41,46,56
t56=3,7,21,22,36,53,54,62,74,76,96
t57=4,12,19,21,42,45,47,50,56,62,70,75,86,87,92
t58=4,27,34,37,39,43,52,58,68,69,75,77,82,97
t59=16,47,55,58,83,97,98
t60=17,18,19,30,36,38,49,56,57,63,65,85,93,97
t61=3,5,17,21,26,34,39,45,49,50,56,71,73,78,86
t62=7,13,16,28,47,58,71,84
t63=1,4,5,6,19,27,46,47,49,61,74,93
t64=10,18,23,27,44,45,59,61,64,69,71,87,95,99
t65=7,36,49,58,62,63,89
t66=4,12,15,18,46,52,53,54,57,66,70,72,85,91,96
t67=1,5,21,27,30,34,42,55,60,67
t68=0,29,31,68,74,76,79
t69=4,15,16,17,24,45,58,66,76,80,81,82,92,98
t70=3,8,46,58,62,63,93,96
t71=0,8,11,12,23,26,36,45,47,49,50,77,82,88,91
t72=2,6,14,15,26,59,77,78,81,95
t73=6,11,17,35,38,51,68,75,91,94
t74=4,47,62,75,83,90,95
t75=4,13,15,23,24,25,30,53,54,63,68,72,81,91
t76=1,4,15,21,22,23,39,43,65,88,99
t77=3,6,17,20,26,31,33,35,42,52,83,88,89,97
t78=9,12,15,16,17,34,61,62,65,70,74,77,78,88
t79=10,22,33,42,47,49,50,54,74,83,85,96